11
11
11
11
11
11
11
11
11
11
11
11
11
11
11
11
12
11
11
11
11
12
12
12
11
11
11
12
11
11
12
11
11
12
12
12
12
12
12
12
13
12
13
13
13
14
14
22
22
22
22
22
21
22
21
21
21
22
22
22
23
23
23
23
22
22
22
21
21
21
21
21
22
22
22
22
22
22
22
22
21
21
21
22
22
22
22
22
22
22
22
23
23
23
24
25
24
25
24
24
24
24
23
22
22
22
22
22
21
22
21
21
21
21
21
21
21
21
21
21
21
21
21
21
21
21
21
21
21
21
20
21
21
20
20
20
20
20
20
20
20
20
20
20
20
20
20
20
20
20
20
20
20
20
20
20
20
20
20
20
20
20
20
20
20
20
20
20
20
20
20
20
20
20
20
20
20
20
20
20
21
21
21
21
21
21
20
21
21
21
21
22
23
23
23
23
22
21
21
20
20
20
20
20
20
20
20
20
20
20
20
20
20
20
20
20
20
20
20
20
20
20
20
20
21
21
21
21
21
21
21
21
21
21
21
21
21
20
20
20
20
19
19
19
16
15
14
14
14
13
13
13
14
14
14
15
16
19
20
20
20
20
21
21
21
21
21
21
21
21
21
21
21
21
21
21
20
20
20
20
20
20
20
20
20
20
20
20
20
20
20
20
20
20
20
20
20
20
20
20
20
20
21
21
23
23
23
22
22
22
21
21
21
21
20
20
20
20
20
20
20
20
20
20
20
20
20
20
20
20
20
20
20
20
20
20
20
20
20
20
20
20
20
20
20
20
20
20
20
20
20
20
20
20
20
20
20
20
20
20
20
20
20
20
20
20
20
20
20
20
20
20
20
20
20
20
20
20
20
21
21
21
21
21
21
21
21
21
21
21
21
21
21
21
21
21
21
21
21
22
22
22
23
24
25
25
25
25
25
25
25
25
25
25
23
23
23
22
22
22
22
22
22
21
22
21
22
22
22
22
22
22
22
22
22
22
22
22
21
21
21
22
23
23
24
24
23
23
23
22
22
21
21
15
15
14
13
13
14
13
14
13
13
13
13
12
12
12
12
12
12
12
11
11
11
11
11
11
11
11
11
11
11
11
11
11
11
11
11
11
11
11
11
11
11
11
11
11
11
11
